2015 AMC 8 #1: [1, 0, 0, 0, 0]
2015 AMC 8 #2: [0, 0, 1, 0, 0]
2015 AMC 8 #3: [1, 0, 0, 0, 0]
2015 AMC 8 #4: [0, 0, 0, 0, 1]
2015 AMC 8 #5: [1, 0, 0, 0, 1]
2015 AMC 8 #6: [0, 0, 1, 0, 0]
2015 AMC 8 #7: [1, 0, 0, 0, 1]
2015 AMC 8 #8: [0, 0, 1, 0, 0]
2015 AMC 8 #9: [1, 0, 0, 0, 0]
2015 AMC 8 #10: [0, 0, 0, 0, 1]
2015 AMC 8 #11: [0, 0, 0, 0, 1]
2015 AMC 8 #12: [0, 0, 1, 0, 0]
2015 AMC 8 #13: [0, 0, 0, 0, 1]
2015 AMC 8 #14: [0, 0, 0, 1, 0]
2015 AMC 8 #15: [1, 0, 0, 0, 0]
2015 AMC 8 #16: [1, 0, 0, 0, 0]
2015 AMC 8 #17: [1, 0, 0, 0, 0]
2015 AMC 8 #18: [1, 0, 0, 0, 0]
2015 AMC 8 #19: [0, 0, 1, 0, 0]
2015 AMC 8 #20: [1, 0, 0, 0, 0]
2015 AMC 8 #21: [0, 0, 1, 0, 0]
2015 AMC 8 #22: [0, 0, 0, 0, 1]
2015 AMC 8 #23: [1, 0, 0, 0, 0]
2015 AMC 8 #24: [0, 0, 0, 0, 1]
2015 AMC 8 #25: [0, 1, 1, 0, 0]
2016 AMC 8 #1: [1, 0, 0, 0, 0]
2016 AMC 8 #2: [0, 0, 1, 0, 0]
2016 AMC 8 #3: [1, 0, 0, 0, 0]
2016 AMC 8 #4: [1, 0, 0, 0, 0]
2016 AMC 8 #5: [0, 0, 0, 1, 0]
2016 AMC 8 #6: [1, 0, 0, 0, 1]
2016 AMC 8 #7: [1, 0, 0, 0, 0]
2016 AMC 8 #8: [0, 0, 0, 1, 0]
2016 AMC 8 #9: [0, 0, 0, 1, 0]
2016 AMC 8 #10: [1, 0, 0, 0, 0]
2016 AMC 8 #11: [1, 0, 0, 0, 1]
2016 AMC 8 #12: [1, 0, 0, 0, 0]
2016 AMC 8 #13: [0, 0, 0, 0, 1]
2016 AMC 8 #14: [0, 1, 0, 0, 0]
2016 AMC 8 #15: [1, 0, 0, 0, 0]
2016 AMC 8 #16: [1, 0, 0, 0, 0]
2016 AMC 8 #17: [1, 0, 0, 0, 0]
2016 AMC 8 #18: [0, 0, 0, 0, 1]
2016 AMC 8 #19: [1, 0, 0, 0, 0]
2016 AMC 8 #20: [0, 0, 0, 1, 1]
2016 AMC 8 #21: [0, 0, 0, 0, 1]
2016 AMC 8 #22: [0, 0, 1, 0, 0]
2016 AMC 8 #23: [0, 0, 1, 0, 0]
2016 AMC 8 #24: [1, 0, 0, 0, 0]
2016 AMC 8 #25: [0, 0, 1, 0, 0]
2017 AMC 8 #1: [1, 0, 0, 0, 0]
2017 AMC 8 #2: [1, 0, 0, 0, 0]
2017 AMC 8 #3: [1, 0, 0, 0, 0]
2017 AMC 8 #4: [1, 0, 0, 1, 0]
2017 AMC 8 #5: [0, 1, 0, 1, 1]
2017 AMC 8 #6: [0, 0, 1, 0, 0]
2017 AMC 8 #7: [0, 0, 0, 1, 0]
2017 AMC 8 #8: [1, 0, 0, 1, 0]
2017 AMC 8 #9: [0, 0, 0, 0, 1]
2017 AMC 8 #10: [1, 0, 0, 0, 0]
2017 AMC 8 #11: [0, 0, 1, 0, 0]
2017 AMC 8 #12: [0, 0, 0, 1, 0]
2017 AMC 8 #13: [1, 0, 0, 0, 0]
2017 AMC 8 #14: [1, 0, 0, 0, 0]
2017 AMC 8 #15: [0, 0, 0, 0, 1]
2017 AMC 8 #16: [0, 0, 1, 0, 0]
2017 AMC 8 #17: [1, 0, 0, 0, 1]
2017 AMC 8 #18: [0, 0, 1, 0, 0]
2017 AMC 8 #19: [0, 0, 0, 1, 1]
2017 AMC 8 #20: [0, 0, 0, 0, 1]
2017 AMC 8 #21: [1, 0, 0, 0, 0]
2017 AMC 8 #22: [0, 0, 1, 0, 0]
2017 AMC 8 #23: [1, 1, 0, 0, 0]
2017 AMC 8 #24: [1, 0, 0, 0, 0]
2017 AMC 8 #25: [0, 0, 1, 0, 0]
2018 AMC 8 #1: [1, 0, 0, 0, 0]
2018 AMC 8 #2: [1, 0, 0, 0, 0]
2018 AMC 8 #3: [1, 0, 0, 0, 0]
2018 AMC 8 #4: [0, 0, 1, 0, 0]
2018 AMC 8 #5: [1, 0, 0, 0, 0]
2018 AMC 8 #6: [1, 0, 0, 0, 0]
2018 AMC 8 #7: [0, 0, 0, 1, 0]
2018 AMC 8 #8: [1, 0, 0, 0, 1]
2018 AMC 8 #9: [0, 0, 1, 0, 0]
2018 AMC 8 #10: [1, 0, 0, 0, 0]
2018 AMC 8 #11: [0, 0, 0, 0, 1]
2018 AMC 8 #12: [1, 0, 0, 0, 0]
2018 AMC 8 #13: [1, 0, 0, 0, 1]
2018 AMC 8 #14: [0, 0, 0, 1, 1]
2018 AMC 8 #15: [0, 0, 1, 0, 0]
2018 AMC 8 #16: [0, 0, 0, 0, 1]
2018 AMC 8 #17: [1, 0, 0, 0, 0]
2018 AMC 8 #18: [0, 0, 0, 1, 1]
2018 AMC 8 #19: [0, 0, 0, 0, 1]
2018 AMC 8 #20: [0, 0, 1, 0, 0]
2018 AMC 8 #21: [0, 0, 0, 1, 0]
2018 AMC 8 #22: [0, 0, 1, 0, 0]
2018 AMC 8 #23: [0, 0, 1, 0, 0]
2018 AMC 8 #24: [0, 0, 1, 0, 0]
2018 AMC 8 #25: [1, 0, 0, 0, 0]
2019 AMC 8 #1: [1, 0, 0, 0, 0]
2019 AMC 8 #2: [1, 0, 0, 0, 0]
2019 AMC 8 #3: [1, 0, 0, 0, 1]
2019 AMC 8 #4: [0, 0, 1, 0, 0]
2019 AMC 8 #6: [0, 0, 1, 0, 1]
2019 AMC 8 #7: [1, 0, 0, 0, 0]
2019 AMC 8 #8: [1, 0, 0, 0, 0]
2019 AMC 8 #9: [0, 0, 1, 0, 0]
2019 AMC 8 #10: [1, 0, 0, 0, 0]
2019 AMC 8 #11: [1, 0, 0, 0, 0]
2019 AMC 8 #13: [0, 0, 0, 1, 1]
2019 AMC 8 #14: [1, 0, 0, 0, 0]
2019 AMC 8 #15: [0, 0, 0, 0, 1]
2019 AMC 8 #16: [1, 0, 0, 0, 0]
2019 AMC 8 #17: [1, 0, 0, 0, 0]
2019 AMC 8 #18: [0, 0, 0, 0, 1]
2019 AMC 8 #19: [1, 0, 0, 0, 0]
2019 AMC 8 #20: [0, 1, 0, 0, 0]
2019 AMC 8 #21: [0, 0, 1, 0, 0]
2019 AMC 8 #22: [1, 0, 0, 0, 0]
2019 AMC 8 #23: [1, 0, 0, 0, 0]
2019 AMC 8 #24: [0, 0, 1, 0, 0]
2019 AMC 8 #25: [1, 1, 0, 0, 0]
2020 AMC 8 #1: [1, 0, 0, 0, 0]
2020 AMC 8 #2: [1, 0, 0, 0, 0]
2020 AMC 8 #3: [0, 1, 0, 0, 0]
2020 AMC 8 #4: [1, 0, 0, 0, 0]
2020 AMC 8 #5: [0, 1, 0, 0, 0]
2020 AMC 8 #6: [1, 0, 0, 0, 0]
2020 AMC 8 #7: [0, 0, 0, 0, 1]
2020 AMC 8 #8: [1, 0, 0, 0, 0]
2020 AMC 8 #9: [0, 0, 1, 0, 0]
2020 AMC 8 #10: [1, 0, 0, 0, 1]
2020 AMC 8 #11: [1, 0, 0, 0, 0]
2020 AMC 8 #12: [0, 0, 0, 1, 0]
2020 AMC 8 #13: [0, 1, 0, 0, 0]
2020 AMC 8 #14: [1, 0, 0, 0, 1]
2020 AMC 8 #15: [1, 0, 0, 0, 0]
2020 AMC 8 #16: [1, 0, 0, 0, 0]
2020 AMC 8 #17: [0, 0, 0, 1, 1]
2020 AMC 8 #18: [1, 0, 0, 0, 0]
2020 AMC 8 #19: [0, 0, 0, 1, 1]
2020 AMC 8 #20: [1, 0, 0, 0, 0]
2020 AMC 8 #21: [0, 0, 0, 0, 1]
2020 AMC 8 #22: [1, 0, 0, 0, 1]
2020 AMC 8 #23: [0, 0, 0, 0, 1]
2020 AMC 8 #24: [0, 0, 1, 0, 0]
2020 AMC 8 #25: [1, 0, 0, 0, 0]
2022 AMC 8 #1: [0, 0, 1, 0, 0]
2022 AMC 8 #2: [1, 0, 0, 0, 0]
2022 AMC 8 #3: [0, 0, 0, 0, 1]
2022 AMC 8 #5: [1, 0, 0, 0, 0]
2022 AMC 8 #6: [0, 1, 0, 0, 0]
2022 AMC 8 #7: [1, 0, 0, 0, 0]
2022 AMC 8 #8: [1, 0, 0, 0, 0]
2022 AMC 8 #9: [0, 1, 0, 0, 0]
2022 AMC 8 #11: [1, 0, 0, 0, 0]
2022 AMC 8 #12: [0, 0, 0, 0, 1]
2022 AMC 8 #13: [1, 0, 0, 0, 1]
2022 AMC 8 #15: [1, 0, 0, 0, 0]
2022 AMC 8 #16: [1, 0, 0, 0, 0]
2022 AMC 8 #17: [0, 0, 0, 1, 0]
2022 AMC 8 #18: [0, 0, 1, 0, 0]
2022 AMC 8 #19: [1, 0, 0, 0, 1]
2022 AMC 8 #20: [1, 0, 0, 0, 1]
2022 AMC 8 #21: [0, 0, 0, 0, 1]
2022 AMC 8 #22: [1, 0, 0, 0, 0]
2022 AMC 8 #23: [0, 0, 0, 0, 1]
2022 AMC 8 #24: [0, 0, 1, 0, 0]
2022 AMC 8 #25: [1, 0, 0, 0, 0]
2023 AMC 8 #1: [1, 0, 0, 0, 1]
2023 AMC 8 #3: [0, 1, 0, 0, 0]
2023 AMC 8 #4: [0, 0, 0, 0, 1]
2023 AMC 8 #5: [0, 1, 0, 0, 0]
2023 AMC 8 #6: [1, 0, 0, 0, 1]
2023 AMC 8 #7: [0, 1, 0, 0, 0]
2023 AMC 8 #8: [1, 0, 0, 0, 1]
2023 AMC 8 #9: [1, 0, 0, 0, 0]
2023 AMC 8 #10: [1, 0, 0, 0, 0]
2023 AMC 8 #11: [1, 0, 0, 0, 0]
2023 AMC 8 #12: [0, 0, 1, 0, 0]
2023 AMC 8 #13: [0, 0, 0, 0, 1]
2023 AMC 8 #14: [1, 0, 0, 0, 0]
2023 AMC 8 #15: [1, 0, 0, 0, 1]
2023 AMC 8 #16: [1, 0, 0, 0, 0]
2023 AMC 8 #17: [0, 0, 1, 0, 0]
2023 AMC 8 #18: [0, 0, 0, 0, 1]
2023 AMC 8 #19: [0, 0, 1, 0, 0]
2023 AMC 8 #20: [1, 0, 0, 0, 1]
2023 AMC 8 #21: [0, 0, 0, 0, 1]
2023 AMC 8 #22: [1, 0, 0, 0, 1]
2023 AMC 8 #23: [0, 1, 0, 0, 0]
2023 AMC 8 #24: [0, 0, 1, 0, 0]
2023 AMC 8 #25: [1, 0, 0, 0, 0]
2024 AMC 8 #1: [1, 0, 0, 0, 0]
2024 AMC 8 #2: [1, 0, 0, 0, 0]
2024 AMC 8 #3: [0, 0, 1, 0, 0]
2024 AMC 8 #4: [0, 0, 0, 0, 1]
2024 AMC 8 #5: [1, 0, 0, 0, 1]
2024 AMC 8 #6: [0, 0, 0, 0, 1]
2024 AMC 8 #7: [0, 0, 0, 0, 1]
2024 AMC 8 #8: [1, 0, 0, 0, 0]
2024 AMC 8 #9: [1, 0, 0, 0, 0]
2024 AMC 8 #10: [1, 1, 0, 0, 0]
2024 AMC 8 #11: [0, 0, 1, 0, 0]
2024 AMC 8 #12: [0, 1, 0, 0, 0]
2024 AMC 8 #13: [0, 0, 0, 0, 1]
2024 AMC 8 #14: [1, 0, 0, 0, 0]
2024 AMC 8 #15: [1, 1, 0, 0, 0]
2024 AMC 8 #16: [0, 0, 0, 1, 0]
2024 AMC 8 #17: [0, 0, 0, 0, 1]
2024 AMC 8 #18: [0, 0, 1, 0, 0]
2024 AMC 8 #19: [0, 0, 0, 0, 1]
2024 AMC 8 #20: [0, 0, 1, 0, 0]
2024 AMC 8 #21: [1, 0, 0, 0, 0]
2024 AMC 8 #22: [0, 0, 1, 0, 0]
2024 AMC 8 #23: [0, 0, 0, 0, 1]
2024 AMC 8 #24: [0, 0, 1, 0, 0]
2024 AMC 8 #25: [0, 0, 0, 0, 1]